2.8216817341540565
2.810453490511288
2.8212099529665298
2.810072482446992
1126.0883910887653
2.820265462145254
1125.8699375589686
2.8087736894220714
1125.8604550598932
2.821095614478119
11.24838499120468
2.820541428095635
2.808972175316166
2.8200897237030826
2.808786138016788
2.819679050432737
2.8087310560653944
2.819391465583613
2.8084683175531837
2.818953477987302
2.8082942568404476
1126.0441887924642
2.8202754604701905
2.808942193929197
2.819811005241747
2.8086707116775793
2.819784940412928
2.8084249799586276
2.81948272275991
11.246295583327765
2.8192563123352716
1125.8324044832318
2.8198431389757466
11.273159784476414
2.8196138366168144
2.8076486061990624
2.819492622883642
2.807602196022684
2.8188757641638795
11.274923690540726
2.819231789249991
2.8073695342413174
2.8182971242766333
2.807190054155105
2.8187673594438505
2.8068798689840033
2.8181164459691854
2.806685890219691
11.265353329161846
2.818778117001228
2.8068323194213924
2.811616952640617
11.242811965298479
2.8187074872945694
2.807030681816445
2.8184048807232998
2.806587199155244
2.812072327116771
2.8064446834130403
2.8182108893784767
2.8061498120046684
2.818026411589643
11.277534818448826
