11.518490926271639
11.516060474851605
11.511815327572133
2.8072420178899637
2.805002028507969
11.507174704616746
2.8017111580259417
11.504459792601821
11.503473747180543
11.50173092598626
11.500350313173097
11.49879140886924
11.494961150336593
2.797857574379718
11.489329531904415
11.486545020248801
2.794082985354358
11.47770088138739
11.475549732090355
2.790860293492075
2.7870380290852887
11.46541964702351
2.7834543692010842
11.4585642347444
11.452350608372873
2.7770962181652328
2.7742771624240534
2.768089302384928
11.438922711818256
2.7600248615914063
2.7530670218838136
2.7506909152045544
2.7422394530658107
11.424021411507601
11.4138444247501
11.402268794230732
11.393931311881282
2.696376677265261
11.38231408252932
2.679660834695863
11.367113868581244
2.661086581570404
11.34861236600578
2.61461964162054
11.334057104301172
11.324698209994281
11.316841210338577
2.4998953506578627
11.307821144370855
11.300134912675937
11.289953695441667
2.3480853509392476
11.281119530973578
11.274987976924598
11.271758646862923
2.1531408290374556
11.264613143148138
11.262089646360488
11.26149021926499
1.9843257756390145
11.260967538309636
11.26062101317636
11.260473202643002
1.9281615834708619
11.259986162855563
11.259924985622781
1.9125427465395983
1.9111153865566313
1.9093863227486478
1.9079777491524779
1.9064507942723885
1.9062961967076912
1.9060006334880306
11.259723480169662
11.259720475284087
11.259715078421511
11.259713082036585
1.9048849239852972
11.259710793332912
11.259710072347277
1.9046414666699143
11.259707816826788
11.25970758697111
1.9041060749051917
11.25970690232741
1.9038499078029558
11.259706225438062
1.9033035056650092
11.25970537425375
11.259705207127384
11.259705003655364
1.90249568688769
1.901948248454837
11.259704962445198
11.259704588019574
11.259704222943542
1.9009261691138004
11.259703802391593
1.9004424619622642
1.9002177436758343
11.259703019651988
11.259702662976885
11.259702552502857
1.8983630668832083
11.259702366932444
11.259702237209707
1.897471922331774
1.8971673213058309
1.89656353441458
11.259701722110702
1.89623795699561
11.259701579372107
11.259701556625727
11.259701505088653
11.25970145768582
11.259701404664497
1.8955630573426412
1.8952038715137995
11.259701004282435
1.8949667969449522
11.259700896072644
1.8948998118669729
1.89471048467497
11.259700790742668
1.8944875033017814
1.89436893082611
1.8942614083628166
1.8941256803141175
11.259700740903835
11.259700687959343
11.259700670638601
11.259700665595265
1.8938242886657721
1.8936112322120768
11.259700566434917
1.8935045257234153
1.8934316828375244
11.25970042838254
11.259700413223381
11.25970035218764
1.8932598599804622
11.25970026665664
11.259700228695477
11.259700211738009
11.259700177016578
1.8932459599929585
11.25970012139031
1.8932676395788255
1.893260414335463
1.8932140129218322
11.259700082164859
11.259700056979641
11.259700026651405
11.259700005585316
11.259699992772909
11.259699979582035
1.893084396759349
11.259699957696029
1.8930754020096252
11.259699923478587
11.259699911366152
1.8930324203497002
1.8930124014896077
11.259699875420447
1.893004440444932
11.259699857045973
1.892994836307469
11.259699839407146
11.259699834092297
1.8929649479156934
1.8929464119477146
1.892937094001079
11.25969981605925
11.259699809368902
1.8929081169095854
11.259699798584352
1.892897634538318
11.259699777719707
11.259699773123792
1.8928919795004344
1.8928821005269363
1.8928795898891202
1.8928661258515649
11.259699755046118
1.8928551870684371
1.8928587577227713
11.259699749971896
1.8928550386489713
11.259699739066843
1.8928510320072438
11.259699740127873
11.259699742290241
1.8928421098922084
11.259699738368342
11.259699735635703
11.25969973120848
1.8928340234032988
1.8928308398992424
11.25969972247886
11.259699717773398
11.259699709534862
1.8928267919343233
1.8928269639945783
1.8928263239136716
1.8928237551004705
1.8928264770023884
11.259699690019419
1.892833829270684
1.8928372466487153
1.8928437975255799
1.892848955894451
1.8928466620296802
11.25969967637098
11.259699675293993
11.259699674286832
11.259699669766995
11.259699667818213
1.892839274600332
1.892836770755307
11.25969965974836
11.259699655217968
1.8928271903223537
1.8928242666001862
11.25969965081299
1.8928177927743075
11.25969964709594
1.8928138486361163
1.8928165129833487
11.259699639107719
11.259699637179661
11.25969963521208
1.8928168333321291
11.25969963151415
1.8928126395422669
11.259699625081298
11.259699623193232
11.259699619673201
11.259699618799022
1.8928104780711936
1.8928099866553636
11.259699619425051
1.8928073256009585
1.9053419767087867
1.9048983425386745
1.9054626375389514
1.905069392693304
1.8928014860044806
2.019492551792989e-08
1.892801046382975
1.8928026291074411
1.9049468709860318
1.9049302192523134
1.8928064923302639
1.8928061707449981
1.9050532771844308
1.9049554277815364
1.9049183700091528
1.8928108346518926
1.892811668934884
1.9049069356028057
1.9051313347835113
1.904905955808108
1.9050232536140348
1.8928147790207344
11.259791080021634
1.8928132175409842
1.8928139125534444
1.892813696420495
1.9048592684772825
1.904851100240984
11.259938943698206
1.9048647750472771
1.9049370247961501
1.9049804973963123
1.904801781378414
1.8928206249611361
1.9047504269809772
11.28553683635344
11.259786345326
1.9032084829189533
3.9038213323663085
1.9061092565605275
11.259798853773075
1.9048196519509246
1.904821187594366
1.9047986876549388
1.904860341912426
11.24167694289339
1.9046977713169444
1.9063721645530376
1.9049017558336674
1.90637388923283
1.905070413619845
1.906371525424819
9.35241665106769
1.9049478890115705
1.906368557632174
1.9061687899432123
1.906365247737958
1.9047022505158817
1.9049715800187277
11.259910931438808
1.9030250683659715
1.9049549200030425
9.34448018628188
9.34464606987415
1.9050872507452286
1.9024019507972532
1.9049796921603983
1.906367598844504
1.9050243317167181
1.9051900564404003
1.9061275446530839
11.260263487335772
1.9063470641573848
1.9047837310513638
1.9049537993431331
1.9062149405193338
1.9048357223129126
1.9063114535341192
1.9049948603140032
1.9049500268918207
1.9049482948321865
1.9025739504314823
1.9061575225251681
1.9027021795115315
1.9048280782300115
1.905024457428088
1.8974735467366945
1.9049169603285323
1.9021999270245813
11.271294888480734
1.894563011062915
1.9062979477634439
1.9063677001021118
11.259792287476065
1.904859293290042
1.8966609761303241
1.9061472767240835
45.0380198578126
9.338253387703697
11.234472522689392
11.233368434838495
1.905008300195142
1.9048315661135282
1.9046839792213035
1.9048122276376733
1.90286965473559
1.9048322269708975
1.9049515639602472
1.9020414900370064
1.904704292330205
1.9047751853069306
1.901784247318124
1.8957070033131873
1.90487273037641
1.9048475323868341
1.9049710988382824
1.9024022693874785
1.9063598332245602
1.9019036341116118
11.259782786658347
11.25925148015506
11.259758977703154
1.904809548376425
1.9064176349571502
1.9063312859009884
1.9062254513348966
1.9063962232083456
0.001004451488814986
1.904958413351467
1.9023586668686943
1.9047538701570643
11.259796821288814
6.649252265946404e-09
1.906132668404616
1.901755106181624
1.9049586002105838
1.9063488477795383
1.9061706583793812
1.9024249401832243
1.9049637065344958
1.9047550980477597
1.906129268921511
11.233709969261751
1.9063566572341202
1.9047050246166715
3.9050532284790385
1.9048436215831313
1.9048111160045995
1.9060089635910402
11.259765567085832
9.352168505625949
1.9049594786708055
9.352371725934278
11.259007834898075
1.904969933625043
1.904973714240094
1.9046648273121833
1.9050384806781462
1.8955045446909997
1.904888173902311
1.9060785442090225
1.9061663144061554
1.9048916854501852
1.9047234645491018
1.9050081915244967
2.5269866962631287e-08
1.9048825976674357
1.9049768940592342
1.9015886950511978
1.9045565323716245
11.23607732312684
1.9063260847744443
1.9049785691993273
11.232622713969999
3.904867754887074
1.9035036221267119
1.906060806404753
1.904985130487821
1.9045440501297073
1.9043899344152913
1.9049874237825706
11.233314930127717
1.9013543770260137
3.904857491141848
1.9061950155541891
11.231816112436281
1.8970251647317946
1.9048299463780032
11.236268083161505
1.904124176246329
1.9044898884042187
1.8957831097195637
1.9050363543886077
1.904889986439688
1.9048026814198626
1.9044578424606522
3.9048502738668724
1.9048066749831567
1.9068053831345737
1.9045097692317847
9.778008931909392e-09
1.9047926309256842
1.9050042324636618
1.904323910550232
1.9014315609357593
1.9044755428962024
1.904998979952345
1.9062767696131735
1.9063927982133009
1.9060382557856244
1.90154757924437
1.9061925326762024
1.3204488472967882e-08
1.905015912347856
1.904745939618373
1.906262002752119
1.984012803706652e-05
11.260378799611294
9.352627972837864
11.259829594257488
1.9062744644953253
1.9060228974508968
11.232046003433519
1.905049021599124
1.9051357070099613
1.9047201006663397
1.9060509719159984
0.0012302628732078174
1.9041216472856706
1.9050504491917895
1.9062909930326637
1.9040722488855872
1.9050852158804472
1.91023282462968e-05
1.903668672868726
3.905643774803192
1.9024326492075219
1.9050441605419473
1.9035440608235663
1.9050272860394961
1.9050418220397098
9.35259301929086
1.9049193576435344
1.9046309020161825
1.905048664721145
1.9030034017984483
1.9010342898881436
3.9027016086296626
8.037758294780067e-11
1.9046594230489167
0.00011663579477564262
1.905035287330395
1.9049965527925983
1.904368820994469
1.9050251279398447
1.906011363959489
1.9062561958920632
11.259620389588244
1.9059629676024727
1.9012056905900767
11.290066497565538
11.25974650039531
1.9050085205354224
1.9050114271254295
0.0004033460527872888
1.9045780077835432
1.9046771589249551
1.9049935600606749
11.266698731203936
1.9047947521940072
1.9046453068250426
1.9063807444251042
1.9047879575071334
2.9005222078030006e-06
9.352150327285871
1.9061025441622161
1.902437226194523
11.25770851104998
1.905014707866832
9.352323141332743
1.9048175788917512
11.259772294154839
3.90485283943704
2.5504182608887357e-06
9.35197580043157
1.9062759117925627
1.9049943540311542
1.9050178804324767
1.905881633496065
0.00045481819685192805
1.9050178856543676
1.9063168105922281
3.90527479722207
1.9048858882791562
1.906063022530934
1.9050070622874455
11.259732562923292
1.9015158032008557
1.9042867505122707
1.9062832408672705
1.5084825199061201e-06
11.259430559676456
1.90118022688082
2.13318591603927e-06
1.9049830563377557
1.9047986907428212
2.1085476579965702e-08
3.9049018742143384
3.90486067349366
1.8964147271130398
1.9061165692435473
2.1325256847097496e-06
1.9043319505585128
1.9011140544520473
1.9045551182143639
1.9048376668291653
1.9049897750087874
1.9009838378433348
1.9043423643706106
1.9049195324201256
4.297619588072637e-06
1.904810078604011
1.9045045596148358
1.9045697987990593
1.9047910937896646
1.9063753438546962
1.9059090405332624
1.90127011013983
1.9048288987366904
11.26010985969975
3.9048514040735682
1.902312057026878
1.9016232440828136
1.9061709125610593
1.9048142509246557
9.344116804941763
1.901245283322232
1.9048225162931471
1.9049277617471276
11.235845813286568
1.9057609266514233
1.9058770756458607
1.904972206308003
3.9048225847623206
1.9049713608545187
1.9062425404605552
1.9062692620793247
1.9050571745268605
1.9062156392744638
1.9045892779292306
1.9062714877176743
1.9043703508025311
1.9049736536725803
1.9049813487494014
1.0128983690149446e-06
0.0007759606421148093
1.905891631542847
11.234947560017334
1.906373043640315
1.9049769140377455
1.9061459250694117
1.9049705772235368
1.9048304558188134
11.23313413846452
1.9048449108592482
1.901609742388831
1.9061042495565428
1.9046819721666841
1.906189216879922
1.906120717022136
1.9048659679241482
1.9061703201464772
1.9006972076830833
1.904967679588733
1.904973995023882
3.9048137295146073
0.0008643964406972465
1.9046857650338214
1.904839292149714
1.9007523382971927
1.8930131903687513
1.9061127076774367
1.904975152120419
11.288523339322746
1.3622695000413677e-08
1.9045953730695493
1.9059020166056342
1.904972825214065
1.9049715061790697
1.9058283119873598
1.9049455744984218
11.259666715376923
1.906324702100535
1.9046961311043635
1.8969726741037112
1.9057193773096233
1.9018988632762308
1.9049772274741703
1.9049718614147808
11.25973557461882
1.9058371577748665
1.9049767804443278
1.4356218094321745e-06
1.2151492158622024e-06
1.906379933890044
1.8958073053029216
1.9048804429843953
1.9061804057844842
1.906218811055973
1.9049728501251695
1.904500270419608
1.9063213339709097
1.9049697676162558
1.9049723436044559
1.9003323261790943
1.9058006382995512
1.9046143395165083
0.00010961506830268581
1.9015940671219025
1.9049697192344601
1.9002675484920784
1.905815219510954
11.259744362287806
1.9004752127096152
1.9049734095268274
1.904650994677869
1.900196017966315
1.9064001091106693
3.9050036654535663
1.9049668870824863
9.352527268371613
1.9000799136137674
1.9059253834506198
1.904644236305347
3.904967556874082
1.9046613003447392
1.906116584293786
1.9061952317436999
1.9001632793008019
1.9000995195523331
1.568951145189011e-06
1.9057786933584713
1.9049831467595797
1.904609674185139
1.9047028516154774
1.9059120567753451
1.9049670956045328
1.906372845121405
1.906160359952983
1.9049613412060806
1.9061498456394996
1.9049663717114147
1.9048693881779446
1.9047865688634125
1.9049655357698922
11.260015971042428
11.258984432319698
1.9060167320073294
3.9048832357730716
1.9063167465167703
1.9049615178272266
1.9064081328763103
1.9049602412661826
1.9060351529061348
1.9063901488591994
1.9047531061975214
1.904767719933761
1.9049608906705082
1.9046474623507128
9.339123390845327
1.9049723113256836
1.9014930293765688
1.9063547439257171
1.9049800872910472
1.8997737991571022
1.9048462840513234
1.904969957277179
1.9049615423395132
1.9010705963121028
1.9061893972965616
1.9047980718774233
1.9048532151832942
1.9002309084815516
1.9049636098549512
1.9049615873560657
1.9049689639432912
1.9049719851248954
1.9049613392820204
1.9049621847471252
1.9061442813070113
1.9061867636284486
1.9049663289432441
1.907695047596504
1.9048221012264268
3.9049650745638878
1.9047164064035689
1.9049698372366617
1.9049764002227707
1.9049636727235253
1.9061753435690432
11.258920121560632
1.9049640764937867
1.9049657498603647
1.9061998379346674
1.9049708928007822
1.9049792268094923
1.9048266863545307
1.9049892216169522
1.9060240104341595
1.9046777469460716
1.9050110276673886
1.9047148470703295
1.8994812729745845
1.9048649798216972
1.9062135580306743
1.905791546173089
1.9050143481608155
1.9050003043764265
3.904929365291879
1.9045664005580443
1.8993190860049125
1.9046957131057718
2.843427229359411e-07
1.9060741234833511
3.904865078888848
1.9049928862792433
11.26109594366732
1.9044751111084526
1.904974447113306
1.9049678822112202
1.9062186145432758
11.232227127998222
1.9048708237054084
1.904970626236596
1.9047246316791888
1.9061490449683973
1.9048429362986503
1.9048375323254823
1.9047376404575644
1.9049611943881457
9.352618711382712
1.9048469513680875
1.9061117799716112
1.9049677782318286
7.838007054527246e-07
1.9047646247485182
1.90632751235073
1.899227915364457
1.9062437834780825
1.8994861509536194
1.9058132465432034
1.727159495484134e-08
1.9047288506028446
1.9061903165965708
1.9048168520152868
1.9062742237044588
11.246720922300442
1.904965588240301
1.906064000685482
1.906201734208126
3.9050775908123208
1.9049702323733466
1.9049570049272746
11.232703511662681
11.260151449709147
1.9062407723452819
1.9049531563199866
4.555540119065478e-07
1.905759147167956
1.9063935940377779
1.9047894207948604
1.9049516997034772
3.9049647532721323
1.9049597351770893
11.233510827132049
1.9049519995418476
1.9060275511531972
1.9063712096235517
1.9048825109415368
1.9048817999153864
3.9048984699187796
1.9062119366066406
1.9048759143848444
11.231619265380345
1.9048122574941624
1.904926919249504
11.25992503012847
1.9049515793520164
1.9060765039925578
1.9059988769175493
1.9060198578745378
1.9057805636853657
1.90495286207183
1.9048859660233122
1.904951425446615
1.9063412906025599
1.9060980955701317
1.904952517767567
1.9057709742260043
1.9049041226788743
1.9059827225637018
11.264994969456717
1.9063990857529973
1.9048665822255828
1.904873234863223
1.9048836369354678
1.9049483889472556
1.9049496429408863
1.9049497442944752
1.9063640840504192
1.904955104154123
6.350902379318446e-07
1.9004661083285899
9.35164753526539
2.746005544045339e-07
1.906360641915586
1.9059379881753398
1.904949945263577
1.9063884838010536
1.9059357201908207
3.9049028367205785
1.9049468736008315
1.9049456445408506
11.259204473406454
1.904947014382044
1.9062703660312728
1.9049479795201312
1.9057290599654741
1.9048988900018695
2.0418302408358307e-07
11.233603135399624
1.9048848294208174
1.9057147591476435
1.9049465541002126
1.9049454724234427
11.259909903363946
3.904903782473018
1.9063257718534232
1.9048917087622432
1.9049474514786737
1.906358424238766
11.260120370344012
1.904944931498036
1.898678769466117
1.9049434306228794
4.735361133140924e-05
1.9061499908839654
1.906301947910568
1.9063246051999951
1.9059899982200965
1.9049424986591275
1.9059401948625365
1.9048973679733852
9.352114951446483
11.232953487541078
11.259349106842619
1.9049430146555049
3.9049060958646398
11.23222955746994
1.9060294732134686
1.9049435885728299
1.9049429516455927
1.9063004276201891
1.9062691551525717
1.9049449471276272
1.9062640933760848
1.9048995547601824
11.282119381957436
1.9049437002966803
1.9048983693357342
1.9049422484192997
1.9049426160127898
1.9049442520946023
1.9049413814639284
1.9063609299433328
0.0002632620078383455
1.90494039890874
1.9049400973643877
1.904939805039601
1.9049390750831339
1.904939214661796
1.9049400712182163
1.904918198578356
1.9059915862832035
1.9049405338072645
1.8999440395634752
1.9062617429433206
1.9063892727932539
1.9057554628916602
1.9062592677754513
1.9049394939217612
1.904939198845953
1.1277868232897298e-07
1.9061076421709158
1.9049401549821545
1.9049090572731018
1.8981206981026362
1.9063666314705396
1.9049401788865117
11.259939566619643
1.9062640296262838
1.904907640281763
1.9063409138956382
1.9049390438278382
3.9049104522219804
11.23225598721423
1.9049393331321647
11.26522756586593
1.9059926899899235
9.351822973538841
1.9049387582616428
1.9049391094677597
1.9060156538605357
1.9049406211293953
1.9049411476748621
1.9061777826896362
1.8979618392452766
1.9049084214496652
1.8982681937610382
1.9049081252840456
1.8977388615723507
1.9062577617163166
3.904950974782079
1.5529783730868812e-07
0.0007182966394394276
1.9049405451310286
1.9049017389957472
9.351416744643872
1.8976979563062677
1.9049407765577329
1.9063206757438647
1.9049408179038598
1.9061247704129751
1.9049013181995271
1.9064097883358664
1.905913999494366
1.9049386936493597
1.897743691154844
1.9049381084275208
1.8993635934677253
1.9049073203738147
1.9049385973087338
11.231914729362373
1.9049391325871556
1.904938918019996
1.9033120786863094
1.9049388589202998
1.8974213532344963
1.2179375289517424e-07
11.27035030600905
1.9049403061518617
1.9063595936006263
1.9049404963632717
1.9062350973010058
11.278678929099144
1.906164414580073
1.905702082238709
1.9049390904640335
