0.1486345916794563
0.14863395407744967
0.14863298687340323
0.037149108392257026
0.03714907897835671
0.1486318392341947
0.037149040944569646
0.14863086259278965
0.14863058757095995
0.14863004107879982
0.148629646548758
0.14862920528202228
0.14862791666665162
0.037148992103512066
0.14862592388326482
0.14862514259964385
0.03714894760720297
0.1486224071595018
0.14862183470644993
0.037148914225316514
0.03714888290851162
0.14861803808271254
0.037148855541341314
0.1486142550855434
0.14861038444364097
0.037148809864490255
0.03714873740624656
0.0371486218613478
0.1486028357423229
0.0371484893408879
0.03714838625293116
0.037148345473930665
0.037148204189642986
0.1485942004913305
0.1485907940030867
0.1485891536480642
0.14858874545930797
0.03714735255190761
0.1485885093725975
0.037147126757260465
0.1485884317301894
0.03714692459358623
0.14858841894187824
0.03714634424160856
0.1485884163036529
0.1485884149397935
0.14858841369717232
0.03714654973216747
0.1485884133907252
0.1485884121321344
0.14858841086581243
0.03714676468263795
0.14858841055374225
0.1485884103856667
0.14858841034850648
0.03714694269832542
0.14858841024403574
0.1485884102286683
0.14858841022443764
0.03714697718948086
0.14858841021995953
0.14858841021145724
0.14858841020014765
0.0371470065483356
0.1485884101579961
0.14858841015349955
0.037147060320935364
0.03714706309879589
0.03714706479467869
0.037147069458705426
0.03714707538944772
0.03714707545631621
0.03714707556263547
0.14858841011761667
0.14858841011520812
0.14858841011199136
0.14858841011145812
0.037147083738331615
0.14858841010926907
0.1485884101090112
0.037147085750968735
0.1485884101076394
0.14858841010754978
0.03714708745198643
0.14858841010742235
0.03714708857114347
0.14858841010741494
0.03714709008633631
0.14858841010724688
0.14858841010725157
0.14858841010722376
0.037147094547382395
0.03714709593257974
0.14858841010818719
0.14858841010862595
0.1485884101086626
0.037147096309983224
0.148588410108418
0.03714709632159735
0.03714709631611964
0.14858841010785126
0.14858841010759163
0.14858841010754348
0.03714709830010805
0.14858841010744656
0.14858841010735196
0.037147098605440514
0.0371470986257035
0.03714709947417351
0.1485884101065224
0.03714709969269283
0.14858841010633198
0.14858841010632237
0.03714710252992483
0.03714710252595905
0.037147102526003305
0.0371470998599153
0.03714709993775373
0.03714710253164681
0.03714710055294931
0.03714710252719835
0.03714710076718115
0.03714710087950965
0.037147102526484094
0.03714710091682854
0.03714710092570754
0.03714710093156
0.037147100945146574
0.14858841011880106
0.03714710252886668
0.03714710252601062
0.14858841016502894
0.03714710105288264
0.0371471011353816
0.03714710252544768
0.03714710119014173
0.037147101218112134
0.03714710252607951
0.03714711425509297
0.03714710254243207
0.037147102526011805
0.03714710255231153
0.03714710252885511
0.03714710257847314
0.037147102526115625
0.0371471025277986
0.1485884101886864
0.03714710253067532
0.03714710252604763
0.0371471025275767
0.037147102525863
0.03714710237969306
0.037147102527300184
0.03714710252695001
0.03714711333277826
0.14858841016829433
0.14858841010392526
0.037147102526587365
0.037147102526046444
0.03714710252691319
0.03714710260279318
0.03714710253116016
0.037147102526159305
3.7147102526314577
0.1485884101272355
0.14858841010372806
3.7147102526189446
0.037147102625362215
0.14858841010760954
0.03714710252600301
0.03714710252649214
0.03714710252601355
0.037147102526004346
0.14858841011428064
0.03714710253547705
0.03714710268838705
0.037147102526064485
0.0371471025260032
3.714710252674714
0.037147102526014664
0.03714710252602962
0.037147102568753275
0.1485884101031776
0.03714710252627643
0.14858841007029594
3.7147102526627185
0.037147102526007184
0.03714710252628505
0.037147102526077565
0.03714710252600632
0.03714710252600708
0.03714710252642735
0.03714710252761085
0.037147102551013604
0.1485884096065848
0.148588410100365
0.1485884101039079
0.03714710252774485
0.03714710252894671
0.03714710252602004
0.037147102530266166
0.037147102526082276
0.03714710252778653
0.14858841010382354
0.037147102526003936
0.03714710252739216
0.0371471025261599
0.03714710252601197
0.037147102526126866
0.03714710253895384
0.03714710252600837
0.03714710252600565
0.148588410108118
0.03714710252608027
0.03714710252616312
0.0371471025262571
0.03714710259335449
0.037147102525956884
0.03714710252587757
0.03714710252597853
0.14858841012775642
0.14858841010381685
0.037147102526447984
0.03714701064895278
0.03714710252600254
0.037147102526018654
0.037147102528598604
0.03714710252603755
0.03714710252610794
0.037147102526939466
0.037147102528394205
3.7147102526002973
0.03714710252610282
0.037147102526909524
0.03714710254513201
3.7147102759001283
0.03714710252600534
0.03714710252702708
0.03714710252600559
0.037147102526025925
0.03714710262602633
0.14858841010398485
0.03714710252680925
0.03714710252865829
0.03714710252601188
0.03714710252803156
0.03714710252616574
0.14858841004404796
0.03714710252763672
0.03714710252602258
0.037147102526976714
0.037147102526025565
0.03714710252625141
0.03714710252663221
0.03714710252693383
0.037147102596982076
0.037147102526003076
3.7147102526045965
0.037147102526363836
0.037147102530226954
0.03714710252617538
0.03714710252611106
0.037147102526033454
0.0371471025260541
0.037147102526281395
0.037147102526491296
0.037147102526484475
0.03714710252600303
0.14858841049710816
0.03714710252600313
0.037147102529563526
0.03714710252631727
0.03714710252600296
0.03714710252641029
0.03714710252658339
0.14858841010401216
0.037147102526515874
0.03714710252601064
0.037147102527097575
0.03714710252609477
3.714710252660382
0.03714710252600334
0.14858841056815983
0.03714710252737408
0.03714710253294863
0.03714710252600297
0.03714710252655461
0.03714710252660184
0.03714710274771254
0.14858841010401183
0.03714710252602392
0.03714710252599599
0.037147102541893975
0.03714710252899992
0.03714710252602772
0.1485884101054662
0.0371471025266372
0.03714710252607146
0.03714710252600771
0.03714710252600584
0.03714710252698825
0.03714710252607846
0.03714710252600296
0.03714710253023623
0.037147102525954566
0.03714710252600255
0.03714710252603148
0.037147102526229915
0.03714710253722468
0.03714710252602587
0.037147102531734214
0.1485884100360583
0.03714710252655049
0.037147102525906174
0.037147102526275046
0.03714710252612183
0.037147102526000515
0.03714710252607379
0.037147102526353545
0.037147102526036875
0.03714710252609388
0.037147102529130074
0.1485884101039807
0.03714710252619303
0.037147102526335456
0.03714710252600664
0.0371471025260699
0.037147102526086155
0.03714710252554095
0.037147102526461646
0.037147102526371836
0.14858841010397195
0.03714710252595821
0.03714710252620359
0.03714710252612056
0.03714710252603004
0.03714710252768291
0.03714710252601447
0.037147102526540444
0.1485884101040738
0.03714710252607967
0.03714710252613943
0.037147102526146523
0.03714710254034193
3.714710252604149
0.14858841010397794
0.0371471025260357
0.037147102526006136
0.03714710252616906
0.03714710252737382
0.1485884101040093
0.03714710252614322
0.03714710252613573
0.03714710252606017
0.037147102526070015
0.037147102526051315
0.037147102526328434
0.03714710252611871
3.7147102526040716
0.03714710252600297
0.03714710252616886
0.03714710252612704
0.03714710252774301
0.037147102526005865
0.03714710252612581
0.03714710252600767
0.03714710252600449
0.03714710252603194
0.03714710252603169
3.714710252601164
0.037147102525872756
0.14858841010414292
0.03714710252633382
0.037147102526111656
0.037147102524963914
0.14858841010269339
0.037147102526076
0.03714710252606735
0.1485884101051578
0.03714710252601892
0.037147102526071465
0.03714710252599096
0.03714710254586397
0.03714710252612439
0.03714710252599987
0.03714710252600547
0.0371471025363022
0.03714710252600206
0.03714710252603055
0.037147102526535206
0.03714710252874093
0.03714710252601146
3.714710252615536
0.037147102530222416
0.14858841010400514
0.037147102526634584
0.1485884101050345
0.037147102526015316
0.0371471025260723
0.0371471025265473
0.03714710252600429
3.7147102526033775
0.037147102526002986
3.7147102526003892
0.03714710252650066
0.03714710252677087
0.037147102526284
0.03714710252840016
0.03714710253156639
0.03714710252633543
0.03714710252600237
0.037147102526009335
0.03714710252601911
3.7147102526021567
0.0371471025260091
0.03714710252600585
0.037147102526175015
0.14858841010400417
0.03714710252601636
0.037147102526004595
0.03714710252664616
0.03714710252600527
0.03714710252601386
0.037147102525946635
0.0371471025259548
0.037147102526006864
0.03714710252601579
0.14858841010463444
0.037147102526014296
0.03714710252615959
0.03714710252599896
0.03714710252607035
0.03714710252643575
0.03714710252600846
0.03714710252601526
0.14858841009898313
0.03714710252606405
0.037147102526068024
0.03714710252668902
0.03714710252992699
0.037147102526371496
0.037147102526166
0.03714710252804174
0.0371471025260901
0.03714710252611506
0.037147102526461105
0.037147102526028035
0.03714710252609657
0.03714710252605961
0.1485884101040111
0.14858841010402685
0.14858841010402676
0.03714710252604259
0.037147102526042815
0.03714710253076989
3.714710252608344
0.03714710252599877
0.037147102526119954
0.037147102526002285
0.03714710252605014
0.03714710252605731
0.037147102526104474
0.0371471025260126
0.03714710252600497
0.03714710252601889
0.037147102525752394
0.03714710252657266
0.03714710252603176
0.03714710252599627
0.037147102525933604
0.1485884101049463
0.037147102525999634
0.037147102525973745
0.03714710252613022
0.03714710252635303
0.14858841010400678
0.03714710252623751
0.148588410191809
0.03714710252597862
0.03714710252650216
0.037147102526253535
0.037147102526005636
0.037147102526126095
0.0371471025259965
0.037147102526028535
0.037147102527443236
0.03714710252645073
0.03714710252759155
0.03714710252600271
0.037147102526016114
0.037147102526014525
0.03714710252602957
0.037147102526059426
0.037147102526020326
0.037147102526009404
0.14858841010406879
0.14858841009721296
0.03714710252609044
0.037147102525995505
0.1485884101040619
0.03714710252679658
0.037147102525978686
0.03714710252600862
0.037147102526010486
3.714710252601063
0.037147102526135053
0.03714710252602229
0.03714710252602665
0.037147102548607036
0.14858841010371793
0.037147102526018085
0.14858841010633111
0.03714710252659629
0.037147102527052236
0.037147102526333825
0.037147102527078285
0.03714710252600304
0.03714710252600956
0.0371471025260258
0.037147102526009085
0.0371471025260903
0.03714710252601748
0.03714710252600915
0.03714710252602385
0.03714710252650127
0.03714710252727858
0.03714710252600642
0.03714710252652597
0.037147102526318705
0.03714710252612522
0.037147102526184084
0.03714710252602154
0.037147102526577255
0.14858841010394458
0.14858841010404525
0.03714710252624294
0.03714710252600495
0.037147102526001154
0.037147102526031185
0.0371471025260647
0.037147102525874866
0.14858841010403845
0.14858841010456142
0.14858841010401283
0.03714710252600487
0.03714710252615961
0.03714710252600881
0.03714710252597332
0.037147102525986686
0.03714710252622289
0.03714710252597467
0.0371471025260732
0.03714710252603355
0.14858841010402563
0.03714710252603565
0.03714710252600471
0.037147102525999856
0.037147102526611527
0.037147102526014546
0.03714710252600667
3.7147102526005398
0.03714710252650796
0.03714710252600241
3.7147102526003764
0.03714710252600417
0.14858841010397583
3.7147102526007134
0.037147102526179386
0.03714710252600317
0.03714710252619238
0.037147102526022574
0.03714710252619568
3.7147102526003026
0.14858841010401153
0.03714710252601408
0.037147102525994805
0.14858841010399754
0.037147102526242835
0.14858841010378795
0.03714710252999925
0.03714710252678666
0.03714710252600281
0.03714710252609524
0.037147102526016475
0.03714710252637262
0.037147102526002444
3.714710252604411
0.03714710252601371
0.0371471025260089
0.03714710252598343
0.03714710252606194
0.03714710252656564
0.03714710252611554
3.7147102526072726
0.0371471025260074
0.03714710252639137
3.7147102527937657
0.03714710252600288
0.037147102526004463
0.03714710252607458
0.03714710252599722
0.037147102525979504
0.03714710252604581
0.03714710252603008
0.1485884101042798
0.03714710252604766
0.03714710252602104
0.03714710252600305
0.1485884101040538
0.03714710252611292
0.03714710252607133
0.03714710252601604
0.03714710252600246
0.03714710252600853
0.14858841010400636
0.03714710252600367
3.7147102526035933
0.037147102526049136
0.037147102526005164
0.037147102526049074
0.03714710252617422
0.03714710252598831
0.14858841010400878
0.03714710252606917
0.03714710252601355
0.03714710252599483
0.037147102526041746
0.03714710252604107
0.03714710252600432
0.03714710252599848
0.0371471025261121
0.03714710252600442
0.037147102525787457
0.03714710252601109
0.037147102526003076
0.03714710252641989
0.0371471025260423
0.03714710252600606
0.03714710252599766
0.037147102526660924
0.14858841010401808
0.03714710252631099
0.03714710252600548
0.14858841010396825
0.03714710252602662
0.037147102525990405
0.03714710252599808
0.03714710252601339
0.037147102526865386
0.03714710252600288
0.14858841010400808
0.03714710252604015
0.03714710252600932
0.03714710252601828
0.03714710252600903
0.03714710252597109
3.714710252600313
0.1485884101041798
0.037147102526003936
0.03714710252600391
0.0371471025260054
3.7147102526003626
0.148588410104011
0.14858841010392446
0.0371471025262703
0.03714710252601289
0.03714710252615254
0.03714710252600527
0.03714710252607503
0.037147102526173745
0.03714710252606125
0.03714710252600007
0.03714710252600047
0.03714710252600473
0.03714710252600437
0.03714710252616857
0.03714710252606918
0.03714710252602793
0.037147102526004915
0.03714710252598699
0.03714710252602012
0.037147102526005324
0.03714710252600367
0.03714710252607929
3.7147102526004714
0.14858841010404097
0.037147102526061106
0.03714710252601443
0.0371471025260042
0.03714710252600376
0.1485884101040149
0.03714710252600391
0.037147102526011035
0.14858841010435586
0.037147102525915354
0.0371471025260049
0.14858841010402435
0.037147102526004554
0.03714710252604158
0.037147102526111364
0.03714710252600328
0.03714710252605714
0.03714710252603891
0.03714710252600323
0.03714710252600333
0.03714710252600825
0.03714710252600432
0.037147102527109725
3.714710252600523
0.14858841010401344
3.7147102526003057
0.03714710252616135
0.03714710252600337
0.03714710252611243
0.0371471025260031
0.03714710252595654
0.03714710252600202
0.03714710252603726
0.037147102526042905
0.03714710252612104
0.03714710252600486
0.037147102526014004
0.03714710252651714
0.03714710252602392
0.03714710252600328
0.037147102526112113
0.1485884101051003
0.03714710252610506
0.03714710252602397
0.03714710252604716
0.14858841010415516
0.14858841010397342
0.037147102526146
0.0371471025260401
0.037147102526001986
0.037147102526005796
0.03714710252600338
0.0371471025261054
0.03714710252812551
0.03714710252600577
0.0371471025259992
0.037147102526007274
0.037147102526027743
0.148588410104416
0.03714710252600705
0.03714710252600978
0.03714710252600444
0.1485884101040111
0.037147102526018966
0.14858841010400228
0.03714710252600341
0.03714710252601364
0.03714710252600296
0.03714710252602178
0.03714710252601283
0.03714710252599919
0.03714710252600742
0.037147102526004415
3.71471025260061
0.037147102526036535
0.03714710252648335
0.03714710252599227
0.14858841010398285
0.03714710252600243
0.03714710253644874
0.03714710252600329
0.03714710252605385
0.037147102526005164
0.14858841010401166
3.71471025260923
0.03714710252600296
0.037147102526041614
0.03714710252600367
0.03714710252600973
0.037147102526003
0.03714710252596763
0.03714710252600262
0.03714710252600054
0.03714710252826057
0.037147102526008384
0.037147102525963475
0.03714710252600127
0.03714710252600929
0.03714710252618925
0.03714710252600643
0.1485884101040205
0.03714710252627235
0.03714710252589816
0.03714710252600865
0.03714710252600275
0.1485884101040525
3.7147102526003195
0.037147102526006864
0.03714710252599532
0.037147102526081784
0.1485884101040123
0.03714710252600316
0.03714710252600265
0.14858841010403373
0.14858841010403423
0.03714710252600349
3.7147102526003892
0.037147102526731146
0.037147102526004
0.037147102526025634
0.037147102526004575
0.037147102526001625
0.037147102526016024
0.03714710252600927
0.03714710252601456
0.0371471025260032
3.7147102526003795
0.037147102526002854
0.03714710252600904
0.03714710252601234
0.03714710252598736
0.03714710252603384
0.03714710252604148
0.03714710252600331
0.03714710252600209
0.037147102526002444
0.14858841009498266
3.7147102526003026
0.037147102526003895
0.03714710252599861
0.03714710252600411
0.1485884101040131
0.03714710252600296
0.0371471025260278
0.037147102525796116
0.03714710252603692
0.03714710252602632
0.03714710252602323
0.037147102526009806
0.03714710252599996
0.14858841010400964
0.03714710252601201
0.03714710252602037
0.037147102526006
0.03714710252600806
0.03714710252600748
0.14858841010404958
0.03714710252600605
0.03714710252600304
0.03714710252600358
0.037147102526014004
0.14858841010413631
0.14858841010399496
0.14858841010413315
0.03714710252601234
0.1485884101039875
0.03714710252602216
0.0371471025260145
0.037147102526028535
0.03714710252601056
0.03714710252600471
3.714710252600431
0.03714710252600297
0.037147102526017196
0.037147102526024524
0.03714710252600288
0.03714710252601838
0.1485884101040462
0.037147102526084004
0.03714710252600416
0.037147102526007884
0.03714710252600313
0.03714710252600358
0.037147102526003804
0.037147102526005005
0.03714710252599858
0.03714710252635154
0.037147102526003895
0.03714710252602806
0.1485884101039551
3.7147102526015154
0.037147102526027306
0.03714710252609236
0.037147102526003076
0.03714710252600297
0.037147102526009466
0.03714710252600278
0.03714710252600759
0.037147102526022255
0.14858841010401802
0.037147102526020936
0.03714710252600325
0.03714710252600498
0.14858841009936338
0.0371471025260054
0.14858841010401416
3.7147102526010403
0.03714710252601039
0.037147102526003103
0.03714710252600519
0.037147102526039186
0.037147102526000904
0.03714710252600363
0.03714710252600331
0.037147102526043425
0.14858841010401347
0.037147102526002035
0.037147102526003103
0.03714710252617145
3.714710252600313
0.03714710252600363
0.03714710252600301
0.0371471025260023
0.03714710252620924
0.03714710252600648
0.03714710252600748
0.03714710252600404
0.14858841010418442
0.03714710252600426
0.037147102526338065
0.03714710252599685
3.7147102526004177
0.03714710252600708
0.037147102526004915
0.03714710252602599
0.03714710252599687
0.03714710252601505
0.03714710252600344
0.03714710252600081
0.03714710252600337
0.037147102526020326
0.03714710252601477
0.037147102526004
3.7147102526003795
0.037147102526003714
0.03714710252600301
0.037147102526000376
0.03714710252602926
0.14858841010403162
0.1485884101040122
0.03714710252601059
0.037147102526077086
0.03714710252775113
0.03714710252600331
3.7147102526003444
0.14858841010397733
0.03714710252600312
0.03714710252600313
0.03714710252599177
0.037147102526005664
0.03714710252600378
0.03714710252600428
0.037147102526006864
0.14858841010404733
0.037147102525983564
0.037147102526003
0.03714710252600391
0.03714710252600875
0.03714710252605279
3.7147102526004545
0.037147102526002944
0.037147102526002986
0.03714710252600642
0.0371471025260023
0.03714710252602173
0.03714710252600312
0.03714710252600404
0.14858841010400756
0.14858841010042445
0.03714710252600301
0.03714710252600297
0.037147102526014074
0.037147102526005664
0.0371471025262318
0.03714710252600634
0.0371471025259903
0.03714710252618002
0.03714710252602493
0.037147102526002986
0.037147102526002805
0.03714710252602688
0.14858841010408114
0.03714710252600508
3.714710252600309
0.14858841010397092
0.03714710252600404
0.03714710252601538
0.14858841010413668
0.037147102526002576
0.037147102526160894
0.03714710252600303
0.037147102527033696
0.03714710252600951
0.03714710252601545
0.037147102526003645
0.03714710252600727
0.03714710252600278
0.03714710252600589
0.037147102526002854
0.03714710252601395
0.03714710252600764
0.03714710252600318
0.03714710252600077
0.037147102526005074
0.03714710252616603
