0.03714841160289147
0.037148292459110006
0.03714248960426187
0.03714228472851231
0.03714815019997419
0.03714803911658979
0.03714219696363101
0.037141990461353275
3.7147194718570473
3.7147186022101213
0.03714840317724735
0.03714833480960267
3.714660961094948
3.714659728341942
0.1485859590888311
0.03714837405362628
0.03714584910901314
3.7146595019599666
3.7146582819036276
0.03714808344107045
0.03714803205748777
0.14857861786766557
0.1485784355028236
0.037148045066148584
0.03714796713182335
0.03714195263522694
0.03714184409766115
0.03714790822352383
0.03714782383181909
0.03714172628538222
0.0371416021421372
0.03714785678091791
0.03714775519700707
0.03714158503442614
0.03714143879643659
0.037147623827824425
0.037147516393067945
0.037141167129680464
0.037141009792600974
0.037147492404179486
0.03714739073228973
0.0371408998708963
0.037140718571048136
3.7147130962714834
3.7147123433712053
0.03714781574129545
0.03714775373363342
0.03714149402756798
0.03714139797622615
0.037147691248480726
0.037147617455440894
0.0371412633502963
0.037141129672620746
0.037147462391829936
0.03714736775836744
0.037140848264501744
0.037140679549796884
0.03714734899754046
0.03714727566415913
0.14857505723973868
0.14857468590839848
0.037147244044628366
0.03714719385651081
3.7146403289122643
3.714638313106349
0.03714755031538721
0.03714749663009365
0.14860072080415276
0.1486006582925385
0.03714739581287252
0.0371473322713615
0.03714093792142159
0.03714083501699268
0.037147307012681506
0.037147234984001076
0.03714045313141175
0.03714029357486144
0.037147137959913666
0.037147062713084815
0.14860296699744094
0.14860299252933648
0.03714743481316433
0.03714736581578293
0.0371410285620194
0.03714093760676296
0.0371472559371661
0.037147170816628564
0.03714072604133615
0.037140580645730434
0.037147144747985986
0.03714704598684056
0.03714062901687749
0.03714044034335553
0.037146976876405065
0.037146917994598766
0.03714025826893676
0.037140016567518634
0.14858804118800956
0.1485879048941518
0.03714701390175991
0.03714694951727617
0.03714048712205866
0.03714037929941643
0.14858884990171894
0.03714682744053372
0.03714740224427056
0.1485745971305735
0.1485742682454238
0.03714694378798793
0.037146896173284885
0.03714041437411137
0.03714030646777491
0.03714680174127899
0.03714674522434072
0.037140257651782464
0.03714009385547112
0.14858924512581057
0.037146709108283674
0.03714752703733767
0.03713985753773402
0.03713967279024325
0.0371467807476447
0.0371467458622413
0.03713934242845191
0.03713913384292951
0.03714668872174918
0.0371466247295231
0.14860440049076493
0.14860449184888408
